15 0.07453125 0.31 0.06656250000000001 0.15
15 0.16921875 0.3283333333333333 0.0459375 0.15333333333333335
15 0.3028125 0.2766666666666666 0.033749999999999926 0.15666666666666668
15 0.28406249999999994 0.225 0.04875 0.13333333333333336
15 0.26062499999999994 0.2758333333333333 0.039375 0.14833333333333334
15 0.23859375 0.17666666666666667 0.03656249999999996 0.16333333333333336
15 0.19312499999999996 0.10166666666666668 0.043125 0.16
15 0.25359374999999995 0.2125 0.0384375 0.165
19 0.03421875 0.18333333333333332 0.0684375 0.08666666666666663
18 0.27140625 0.13166666666666665 0.040312500000000036 0.1433333333333333
21 0.37171875 0.04166666666666667 0.02718749999999993 0.04333333333333334
1 0.665625 0.22083333333333333 0.050625 0.08166666666666664
