15 0.23194908180300505 0.27128547579298834 0.04883138564273793 0.17529215358931555
15 0.2746765442404007 0.2963272120200334 0.03850166944908185 0.16193656093489145
15 0.2765546744574291 0.14106844741235391 0.03662353923205341 0.17529215358931552
19 0.2995617696160268 0.16110183639398998 0.03756260434056763 0.11185308848080133
15 0.389242487479132 0.12353923205342238 0.03662353923205344 0.1702838063439065
15 0.4315004173622705 0.0709515859766277 0.03662353923205344 0.1419031719532554
15 0.4300918196994992 0.29632721202003337 0.03380634390651089 0.17195325542570955
15 0.369522120200334 0.2637729549248748 0.04977045075125211 0.1435726210350584
15 0.5737687813021703 0.24373956594323873 0.03192821368948238 0.1702838063439065
15 0.6296431552587647 0.22621035058430716 0.047892320534223674 0.16861435726210353
15 0.39440734557596 0.05175292153589314 0.03192821368948245 0.1035058430717863
18 0.6521807178631053 0.19282136894824708 0.057282971619365526 0.20200333889816363
21 0.69984375 0.20083333333333336 0.0234375 0.04166666666666668
1 0.9721875 0.3808333333333333 0.03562499999999986 0.10500000000000007
