15 0.1765442404006678 0.2554257095158598 0.06010016694490819 0.15025041736227046
15 0.22396702838063443 0.2729549248747913 0.038501669449081816 0.15525876460767946
15 0.2638772954924875 0.12520868113522537 0.04507512520868115 0.18030050083472454
15 0.3446368948247079 0.09181969949916528 0.028171953255425704 0.16026711185308848
15 0.33759390651085147 0.22036727879799664 0.049770450751252075 0.1435726210350584
15 0.39722454090150255 0.2612687813021703 0.03568447412353919 0.17529215358931552
15 0.41647537562604353 0.07095158597662769 0.04037979966611018 0.14190317195325539
15 0.3840776293823039 0.0342237061769616 0.024415692821368965 0.0684474123539232
15 0.6146181135225377 0.2045075125208681 0.03474540901502501 0.17529215358931552
15 0.6672057595993323 0.22537562604340564 0.04037979966611019 0.18697829716193654
18 0.6587541736227047 0.15025041736227043 0.04413606010016686 0.2103505843071786
19 0.32256886477462443 0.10350584307178633 0.07042988313856427 0.09015025041736227
21 0.6984375 0.19333333333333333 0.022499999999999857 0.05
1 0.97640625 0.37833333333333335 0.027187499999999858 0.08666666666666671
