15 0.28406719532554264 0.3013355592654424 0.05164858096828045 0.1752921535893155
19 0.2666944908180301 0.2929883138564274 0.07324707846410682 0.1051752921535893
15 0.325386060100167 0.32220367278797996 0.05164858096828045 0.15358931552587646
15 0.30097036727879806 0.14607679465776297 0.05164858096828052 0.17529215358931555
15 0.4005112687813023 0.0642737896494157 0.03662353923205344 0.1285475792988314
15 0.4399520033388983 0.08347245409015025 0.034745409015025076 0.15025041736227046
15 0.43572621035058434 0.15692821368948245 0.03756260434056763 0.1502504173622704
15 0.404267529215359 0.3055091819699499 0.034745409015025076 0.15358931552587649
15 0.4469949916527547 0.34974958263772954 0.06761268781302171 0.12854757929883134
15 0.552170283806344 0.2921535893155259 0.0413188647746243 0.16026711185308848
15 0.6000626043405677 0.2554257095158598 0.0619782971619366 0.17696160267111855
18 0.6343384808013357 0.21953255425709514 0.04225792988313863 0.20868113522537557
21 0.6984375 0.2 0.022499999999999857 0.036666666666666646
1 0.97265625 0.3808333333333333 0.030937499999999857 0.09500000000000007
