15 0.1771875 0.4016666666666667 0.039375 0.15333333333333335
15 0.09046875 0.3433333333333334 0.060937499999999985 0.1433333333333333
15 0.22875 0.14 0.046875000000000035 0.15666666666666665
15 0.25640625 0.2225 0.05906249999999996 0.15500000000000003
15 0.2728125 0.15083333333333332 0.039375 0.14833333333333334
15 0.32625 0.31333333333333335 0.0525 0.1433333333333333
15 0.3665624999999999 0.31666666666666665 0.04125 0.16333333333333327
15 0.324375 0.2708333333333333 0.06 0.14833333333333334
19 0.121875 0.08 0.07312499999999998 0.09
18 0.30703125 0.19833333333333336 0.04218750000000004 0.20666666666666667
21 0.37265625 0.04333333333333333 0.02906249999999993 0.05
1 0.66515625 0.2275 0.06843750000000007 0.09500000000000003
