15 0.2325 0.5658333333333334 0.039375 0.15166666666666673
15 0.3384375 0.4733333333333333 0.041249999999999926 0.15666666666666665
15 0.35953125 0.41166666666666674 0.0421875 0.15333333333333335
15 0.39375 0.475 0.035625 0.16000000000000006
15 0.41484374999999996 0.47666666666666674 0.0384375 0.16333333333333336
15 0.18187499999999995 0.5283333333333333 0.05812499999999998 0.15000000000000008
15 0.18328125 0.46333333333333326 0.0384375 0.15666666666666665
19 0.174375 0.5566666666666666 0.09187500000000001 0.09666666666666672
18 0.1265625 0.4383333333333333 0.037499999999999985 0.20000000000000007
21 0.26625 0.2783333333333334 0.024375000000000036 0.046666666666666676
1 0.5559375 0.4566666666666667 0.07875 0.11000000000000007
