5 0.5954833597464342 0.18858954041204434 0.04813787638668778 0.23771790808240884
15 0.7795661648177495 0.41362916006339145 0.0312004754358162 0.16798732171156894
15 0.7956121236133121 0.6045958795562599 0.040114896988906426 0.1664025356576863
15 0.6257923930269413 0.6719492868462758 0.08022979397781292 0.11410459587955636
15 0.4047147385103011 0.6172741679873217 0.04813787638668778 0.15372424722662445
15 0.4983161648177496 0.29635499207606975 0.04635499207606969 0.16164817749603802
15 0.53486529318542 0.33676703645007927 0.05883518225039616 0.1347068145800317
10 0.7991778922345483 0.22741679873217116 0.054377971473850976 0.1949286846275753
18 0.6275752773375595 0.5269413629160064 0.04813787638668785 0.20443740095087165
21 0.5206022187004754 0.4112519809825673 0.02674326465927095 0.04278922345483359
