15 0.1153125 0.55 0.043125 0.16666666666666663
15 0.1734375 0.5958333333333333 0.03750000000000002 0.14833333333333334
15 0.1575 0.42 0.03937500000000002 0.13666666666666663
15 0.29578124999999994 0.4225 0.0365625 0.15833333333333335
15 0.298125 0.4933333333333333 0.04500000000000003 0.17666666666666664
15 0.3393749999999999 0.52 0.039374999999999966 0.15333333333333335
15 0.369375 0.5258333333333333 0.03562499999999993 0.15833333333333335
19 0.15515625 0.5316666666666667 0.0646875 0.08999999999999993
18 0.174375 0.43416666666666665 0.03750000000000002 0.1883333333333333
21 0.26484375 0.2758333333333334 0.030937499999999965 0.05166666666666668
1 0.5540625 0.4566666666666667 0.06375000000000007 0.11000000000000007
