19 0.22396702838063443 0.5308848080133557 0.07794240400667782 0.0901502504173623
15 0.4028589315525878 0.3597662771285476 0.04319699499165274 0.15859766277128554
15 0.42727462437395675 0.3647746243739566 0.03568447412353926 0.17863105175292154
15 0.4568551752921537 0.1769616026711185 0.047892320534223674 0.1702838063439065
15 0.48737479131886485 0.2303839732888147 0.041318864774624375 0.12687813021702837
15 0.4765755425709517 0.34307178631051755 0.04225792988313856 0.17863105175292154
15 0.5117904841402339 0.34891485809682804 0.045075125208681115 0.1669449081803005
15 0.556865609348915 0.3247078464106845 0.05446577629382311 0.14524207011686144
18 0.581750834724541 0.2913188647746244 0.044136060100167 0.21202003338898162
1 0.9737335834896811 0.3835730664998958 0.030018761726078792 0.0933917031478007
21 0.6975 0.2 0.02625 0.04
