19 0.25166944908180305 0.41819699499165275 0.07136894824707848 0.08514190317195329
15 0.34228923205342243 0.32804674457429045 0.04601419031719537 0.16861435726210353
15 0.38313856427378973 0.34808013355592654 0.030050083472454078 0.1552587646076795
15 0.3202212020033389 0.13522537562604342 0.04131886477462441 0.17362270450751255
15 0.4131886477462438 0.08263772954924875 0.04883138564273793 0.1652754590984975
15 0.45028171953255436 0.1318864774624374 0.04225792988313856 0.15025041736227043
15 0.48643572621035064 0.17863105175292154 0.03756260434056756 0.15358931552587646
15 0.43431761268781316 0.31552587646076796 0.04977045075125211 0.18697829716193654
15 0.4512207846410685 0.362270450751252 0.04225792988313863 0.16026711185308848
15 0.5803422370617697 0.27796327212020033 0.045075125208681045 0.15191986644407346
15 0.5221202003338898 0.31803005008347246 0.041318864774624445 0.1585976627712855
18 0.6103923205342238 0.25208681135225375 0.041318864774624445 0.20033388981636058
21 0.6975 0.2 0.02250000000000014 0.036666666666666646
1 0.97359375 0.37916666666666665 0.02906249999999986 0.11166666666666672
