15 0.24321786310517532 0.27796327212020033 0.04695325542570952 0.1652754590984975
15 0.28265859766277135 0.30968280467445747 0.04319699499165274 0.1552587646076795
15 0.2774937395659433 0.1419031719532554 0.0422579298831386 0.16694490818030047
19 0.31270868113522543 0.19699499165275458 0.0845158597662772 0.09015025041736228
15 0.3991026711185309 0.12437395659432386 0.04319699499165282 0.1452420701168614
15 0.4394824707846412 0.07262103505843072 0.03192821368948252 0.14524207011686144
15 0.39440734557596 0.04257095158597664 0.03380634390651082 0.08514190317195328
15 0.5676648580968282 0.25208681135225375 0.04225792988313863 0.16694490818030047
15 0.43384808013355597 0.31552587646076796 0.03380634390651089 0.1669449081803005
15 0.3732783806343907 0.28213689482470783 0.02911101836393989 0.1335559265442404
15 0.6179048414023373 0.22704507512520866 0.045075125208681115 0.1702838063439065
22 0.6470158597662773 0.19449081803005008 0.05070951585976623 0.1986644407345576
21 0.69890625 0.19833333333333336 0.0234375 0.039999999999999966
1 0.97265625 0.3791666666666667 0.0328125 0.09833333333333336
