15 0.25918196994991655 0.2913188647746243 0.05070951585976626 0.14858096828046746
15 0.30660475792988323 0.3071786310517529 0.038501669449081816 0.1502504173622705
15 0.38830342237061777 0.28046744574290483 0.04037979966611019 0.14357262103505838
15 0.44089106844741244 0.32136894824707846 0.04225792988313856 0.18530884808013354
15 0.5601523372287146 0.26961602671118534 0.04413606010016693 0.1719532554257096
15 0.6160267111853089 0.2454090150250417 0.060100166944908155 0.15358931552587646
15 0.4155363105175293 0.1427378964941569 0.04413606010016693 0.16193656093489145
19 0.2882929883138565 0.2362270450751252 0.07700333889816363 0.10517529215358934
15 0.28218906510851427 0.1310517529215359 0.040379799666110223 0.15859766277128545
15 0.3986331385642739 0.050083472454090165 0.038501669449081816 0.10016694490818033
15 0.4427691986644408 0.0676126878130217 0.0460141903171953 0.1352253756260434
18 0.6390338063439067 0.2070116861435726 0.04225792988313863 0.2036727879799666
21 0.69984375 0.19666666666666666 0.0234375 0.04333333333333332
1 0.97359375 0.3783333333333333 0.032812499999999856 0.10000000000000007
