15 0.09234375 0.275 0.060937500000000006 0.15
15 0.166875 0.2966666666666667 0.03750000000000002 0.15
15 0.2259375 0.2558333333333333 0.031874999999999966 0.16166666666666665
15 0.256875 0.255 0.061874999999999965 0.1533333333333333
15 0.2634375 0.22916666666666663 0.04874999999999997 0.165
15 0.211875 0.21083333333333334 0.043125 0.16833333333333333
15 0.23015625 0.19416666666666665 0.038437500000000034 0.16833333333333333
15 0.17109375 0.08833333333333332 0.03843750000000002 0.14666666666666664
18 0.256875 0.13416666666666668 0.04312500000000004 0.19166666666666668
19 0.007031249999999998 0.2411111068725586 0.014062499999999995 0.07222221374511718
21 0.3721875 0.04333333333333334 0.03375 0.04333333333333333
1 0.6642187499999999 0.21416666666666664 0.05531249999999993 0.09166666666666667
