15 0.2615625 0.5975 0.0525 0.155
15 0.3421875 0.545 0.04500000000000003 0.15333333333333335
15 0.34546875 0.5166666666666667 0.0403125 0.15666666666666665
15 0.31921874999999994 0.4975 0.03281249999999993 0.16166666666666665
15 0.114375 0.65 0.039375 0.1566666666666668
15 0.07593749999999999 0.5874999999999999 0.059999999999999984 0.1283333333333333
15 0.07453125 0.63 0.0478125 0.13999999999999993
19 0.03328125 0.7652777735392253 0.0665625 0.08722221374511718
21 0.15328125 0.38083333333333336 0.030937500000000017 0.048333333333333284
1 0.44671875 0.5616666666666668 0.06468749999999993 0.1
