19 0.2573038397328882 0.32637729549248745 0.048831385642737896 0.12854757929883134
15 0.30143989983305514 0.3080133555926544 0.039440734557596 0.1719532554257095
15 0.34322829716193665 0.3330550918196995 0.032867278797996634 0.1519198664440734
15 0.31270868113522543 0.13772954924874792 0.039440734557596 0.16861435726210353
15 0.4080237896494158 0.06928213689482471 0.04977045075125211 0.13856427378964942
15 0.4460559265442404 0.10267111853088481 0.04319699499165274 0.15191986644407346
15 0.45075125208681144 0.164440734557596 0.041318864774624445 0.15859766277128545
15 0.41365818030050094 0.31552587646076796 0.04037979966611019 0.15358931552587649
15 0.4446473288814692 0.3472454090150251 0.029111018363939964 0.1669449081803005
15 0.5310413188647748 0.3013355592654424 0.04413606010016693 0.1652754590984975
15 0.5963063439065109 0.2646076794657763 0.04695325542570949 0.15191986644407346
18 0.6216611018363942 0.2320534223706177 0.05258764607679474 0.20701168614357257
21 0.6993749999999999 0.19583333333333333 0.031875 0.055
1 0.975 0.3766666666666667 0.028125000000000143 0.11666666666666664
