15 0.1734375 0.3575 0.03750000000000002 0.15499999999999997
15 0.05484374999999998 0.32833333333333337 0.05531249999999998 0.1666666666666667
15 0.20671875 0.11666666666666668 0.0346875 0.15666666666666668
15 0.24937499999999996 0.15333333333333335 0.03750000000000013 0.16666666666666663
15 0.32484375 0.28833333333333333 0.0365625 0.16666666666666663
15 0.28406249999999994 0.2866666666666667 0.04875 0.15333333333333335
15 0.2728125 0.23416666666666663 0.039375 0.16166666666666668
15 0.3028125 0.24083333333333332 0.04125000000000004 0.15166666666666664
19 0.07265625 0.12416666666666668 0.0740625 0.10166666666666668
18 0.28921874999999997 0.14916666666666667 0.0346875 0.15833333333333333
21 0.37125 0.0425 0.020625 0.04833333333333334
1 0.65953125 0.22083333333333335 0.05343749999999986 0.07833333333333332
