19 0.23805300500834728 0.5066777963272121 0.08357679465776294 0.09515859766277124
15 0.2976836393989984 0.12186978297161938 0.039440734557596 0.18030050083472457
15 0.41459724540901505 0.08430717863105175 0.047892320534223744 0.1686143572621035
15 0.45638564273789656 0.15275459098497496 0.03756260434056763 0.15191986644407346
15 0.4883138564273791 0.21702838063439064 0.03568447412353926 0.15025041736227046
15 0.5625000000000001 0.3046744574290484 0.05070951585976637 0.1686143572621035
15 0.3803213689482472 0.33806343906510855 0.045075125208681184 0.17529215358931555
15 0.4108409849749583 0.36811352253756263 0.04977045075125211 0.18864774624373953
15 0.46436769616026724 0.34557595993322204 0.047892320534223744 0.16360601001669448
15 0.5113209515859767 0.34891485809682804 0.0460141903171953 0.1636060100166945
18 0.59161101836394 0.27128547579298834 0.05258764607679467 0.2020033388981636
1 0.974202626641651 0.37690223056076716 0.029080675422138852 0.09672712111736502
21 0.6975 0.2 0.028125000000000143 0.036666666666666646
