15 0.34546875 0.4683333333333334 0.0440625 0.17333333333333342
15 0.36796875 0.405 0.0309375 0.1566666666666667
15 0.39984375 0.47666666666666674 0.03843749999999993 0.16333333333333336
15 0.41203124999999985 0.46833333333333327 0.03843749999999993 0.16333333333333336
15 0.24328125 0.5575 0.047812499999999966 0.14166666666666658
15 0.18375 0.45916666666666667 0.039375 0.14166666666666672
15 0.1921875 0.5208333333333334 0.048750000000000036 0.155
18 0.12140625 0.44166666666666665 0.04031249999999998 0.2
19 0.17015624999999995 0.5575 0.08343749999999998 0.09166666666666665
21 0.26578125 0.2733333333333334 0.0271875 0.06333333333333332
1 0.5549999999999999 0.4525 0.069375 0.09166666666666672
