15 0.1396875 0.5466666666666667 0.06374999999999996 0.14
15 0.19546875 0.5841666666666666 0.04218750000000004 0.15499999999999986
15 0.31125 0.4858333333333333 0.05062500000000004 0.1583333333333333
15 0.31499999999999995 0.4141666666666666 0.041249999999999926 0.1616666666666667
15 0.36046875 0.5083333333333333 0.03468750000000007 0.16
15 0.38484375 0.5016666666666667 0.0440625 0.16666666666666663
15 0.16875 0.4391666666666667 0.0375 0.14500000000000007
18 0.1528125 0.43666666666666665 0.041250000000000016 0.1833333333333333
19 0.170625 0.5483333333333333 0.07687500000000001 0.1
21 0.26625 0.275 0.028124999999999966 0.05333333333333336
1 0.5592187499999999 0.46 0.0665625 0.09
