15 0.24890625 0.555 0.0440625 0.15333333333333335
15 0.1865625 0.4691666666666666 0.045 0.14166666666666672
15 0.19265625 0.5125 0.0478125 0.17166666666666663
15 0.34875 0.46916666666666673 0.050625 0.1616666666666668
15 0.37125 0.4016666666666667 0.046875 0.16000000000000006
15 0.40546875 0.47 0.0384375 0.15000000000000008
15 0.42 0.45416666666666666 0.04312500000000007 0.155
19 0.1678125 0.5558333333333334 0.07875000000000001 0.09833333333333329
18 0.11671874999999998 0.4391666666666667 0.0421875 0.19166666666666665
21 0.26578125 0.27666666666666667 0.0309375 0.05333333333333336
1 0.555 0.455 0.061875 0.09333333333333335
