15 0.174375 0.3441666666666666 0.031875000000000014 0.16166666666666668
15 0.06 0.3175 0.04875 0.1616666666666666
15 0.31640625 0.28583333333333333 0.03468750000000004 0.16166666666666665
15 0.27374999999999994 0.28500000000000003 0.03375 0.15333333333333335
15 0.29156249999999995 0.235 0.03375 0.16
15 0.27375 0.2225 0.035625 0.15833333333333335
15 0.24328124999999998 0.1625 0.0365625 0.165
15 0.20015625 0.11083333333333333 0.03468749999999996 0.15833333333333333
18 0.28265624999999994 0.155 0.0478125 0.19
19 0.06796874999999998 0.15416666666666667 0.04968749999999999 0.11500000000000002
21 0.37171875 0.04416666666666667 0.0290625 0.045
1 0.6609375 0.21916666666666668 0.05437500000000007 0.07833333333333335
