15 0.21843749999999995 0.5766666666666665 0.03375 0.15999999999999992
15 0.3225 0.4783333333333333 0.06187499999999993 0.14666666666666664
15 0.3796875 0.4933333333333334 0.03937499999999993 0.14333333333333337
15 0.4078125 0.4975 0.03749999999999993 0.16166666666666665
15 0.3407812499999999 0.41 0.04218749999999996 0.15333333333333343
15 0.17625 0.4508333333333333 0.03562500000000002 0.14499999999999993
15 0.16453125 0.5325 0.04406250000000002 0.17166666666666663
19 0.1659375 0.555 0.07500000000000001 0.1
18 0.1359375 0.44 0.04125 0.19333333333333327
21 0.2634375 0.2783333333333333 0.030000000000000037 0.05333333333333336
1 0.5549999999999999 0.45416666666666666 0.069375 0.09833333333333329
