15 0.25078124999999996 0.5533333333333332 0.0384375 0.14999999999999994
15 0.3459375 0.4666666666666666 0.06 0.14666666666666672
15 0.41015625 0.4733333333333334 0.04031250000000007 0.15333333333333343
15 0.4246875 0.44083333333333335 0.052500000000000074 0.15166666666666673
15 0.380625 0.4025 0.03937499999999993 0.155
15 0.18890625 0.4733333333333333 0.04218750000000004 0.15000000000000008
15 0.2034375 0.5166666666666667 0.04874999999999997 0.16333333333333336
19 0.16687499999999997 0.555 0.07687499999999999 0.09333333333333343
18 0.11343749999999998 0.44 0.045 0.20333333333333337
21 0.26484375 0.27666666666666667 0.032812500000000036 0.04666666666666664
1 0.5559375 0.45666666666666667 0.0675 0.10333333333333329
