15 0.72140625 0.5191666666666667 0.04593749999999986 0.17500000000000007
15 0.9628125 0.8466666666666666 0.05437499999999986 0.16333333333333327
15 0.49078125 0.7791666666666667 0.044062500000000074 0.15166666666666656
15 0.590625 0.36166666666666664 0.04312500000000007 0.1533333333333334
15 0.5896875 0.3741666666666667 0.05999999999999993 0.15166666666666664
15 0.29109375 0.54 0.040312499999999966 0.15
15 0.3946875 0.2425 0.05625000000000007 0.15833333333333333
15 0.13031249999999997 0.3391666666666667 0.05625 0.15833333333333335
15 0.18234375 0.51 0.05156249999999996 0.17
19 0.6675 0.6625 0.06187500000000007 0.10833333333333343
15 0.7110937499999999 0.8208333333333333 0.0140625 0.08833333333333343
