15 0.67125 0.5 0.06562499999999986 0.15666666666666665
15 0.6984375 0.7966666666666665 0.043125 0.14333333333333328
15 0.94078125 0.8975 0.0253125 0.105
15 0.48890625 0.7083333333333333 0.04031250000000007 0.17
15 0.55734375 0.3891666666666667 0.0440625 0.15833333333333335
15 0.451875 0.3075 0.046875 0.165
15 0.3675 0.4941666666666667 0.05062499999999993 0.15499999999999992
15 0.27140625 0.5066666666666667 0.0571875 0.15666666666666665
15 0.196875 0.35 0.039375 0.17
19 0.63890625 0.7283333333333333 0.0721875 0.09333333333333343
