18 0.2953125 0.19166666666666665 0.04500000000000003 0.2
15 0.17765625 0.3866666666666667 0.032812500000000036 0.15666666666666665
15 0.07734374999999999 0.3383333333333334 0.04968749999999998 0.1666666666666667
15 0.22124999999999997 0.13 0.039375 0.15666666666666668
15 0.25453125 0.23166666666666663 0.0403125 0.15666666666666668
15 0.2634375 0.13583333333333333 0.0375 0.14833333333333332
15 0.31453125 0.3058333333333333 0.0403125 0.16499999999999995
15 0.35625 0.30833333333333335 0.039375 0.16666666666666663
15 0.3140624999999999 0.2483333333333333 0.037499999999999964 0.15999999999999998
19 0.12375 0.0725 0.046875 0.10833333333333334
21 0.373125 0.0425 0.024374999999999928 0.04833333333333334
1 0.66703125 0.22333333333333336 0.0571875 0.10666666666666667
