15 0.05765625 0.5758333333333333 0.0553125 0.15499999999999992
15 0.12046875 0.63 0.04593750000000002 0.14999999999999994
15 0.13453125 0.3941666666666667 0.04218749999999998 0.15166666666666664
15 0.25640625 0.5183333333333333 0.0609375 0.14666666666666664
15 0.290625 0.5566666666666668 0.03375 0.17
15 0.320625 0.5633333333333334 0.035625 0.17333333333333328
19 0.0928125 0.4433333333333333 0.0825 0.09000000000000007
19 0.21281249999999996 0.4525 0.043125 0.20166666666666663
15 0.225 0.4183333333333333 0.031874999999999966 0.15333333333333335
21 0.264375 0.2775 0.03375000000000004 0.061666666666666675
1 0.5596875 0.46083333333333326 0.08249999999999993 0.10499999999999993
