15 0.25734375 0.5525 0.040312499999999966 0.15166666666666656
15 0.19171874999999997 0.46333333333333326 0.0403125 0.13
15 0.2053125 0.52 0.05249999999999996 0.1566666666666667
15 0.35015625 0.4725 0.06093750000000003 0.14500000000000007
15 0.4134374999999999 0.4691666666666666 0.04125 0.155
15 0.38249999999999995 0.4 0.031875 0.15
15 0.40734375 0.4375 0.03281249999999993 0.14833333333333334
19 0.16640625 0.5566666666666666 0.0721875 0.08666666666666671
18 0.106875 0.4458333333333333 0.046875 0.20166666666666663
21 0.264375 0.2775 0.03 0.05833333333333332
1 0.5559375 0.4575 0.060000000000000074 0.095
