15 0.5770312499999999 0.375 0.0440625 0.1533333333333333
15 0.5934375 0.3791666666666667 0.05437500000000007 0.15166666666666664
15 0.4209375 0.26833333333333337 0.04874999999999993 0.15333333333333332
15 0.15140625 0.3483333333333334 0.06656249999999997 0.15333333333333332
15 0.215625 0.5091666666666668 0.046875 0.175
15 0.3215625 0.5225 0.05062500000000004 0.165
15 0.485625 0.7558333333333335 0.043125 0.16500000000000015
15 0.70265625 0.5125 0.0459375 0.18166666666666664
15 0.7096875 0.815 0.022499999999999857 0.10666666666666658
15 0.95484375 0.8633333333333334 0.045937500000000145 0.17000000000000015
19 0.64546875 0.7183333333333333 0.08906250000000007 0.09333333333333343
