15 0.14555509181969953 0.24123539232053426 0.0582220367278798 0.14190317195325539
15 0.19438647746243745 0.25459098497495825 0.04695325542570952 0.15191986644407343
15 0.24133973288814695 0.11101836393989985 0.04507512520868115 0.17195325542570952
15 0.3408806343906511 0.19115191986644406 0.039440734557596 0.1652754590984975
15 0.3812604340567613 0.23455759599332218 0.03756260434056763 0.17529215358931552
15 0.42117070116861444 0.07011686143572621 0.038501669449081816 0.14023372287145242
15 0.3826690317195326 0.022537562604340568 0.02911101836393989 0.045075125208681135
15 0.6333994156928217 0.19449081803005008 0.038501669449081816 0.15859766277128545
15 0.670022954924875 0.22287145242070117 0.04225792988313856 0.1719532554257095
19 0.30801335559265447 0.11352253756260433 0.078881469115192 0.09682804674457426
18 0.6531197829716194 0.15859766277128548 0.04413606010016693 0.19365609348914858
21 0.69984375 0.19833333333333336 0.0234375 0.046666666666666676
1 0.9754687499999999 0.3808333333333333 0.0290625 0.09833333333333336
