15 0.1725 0.31250000000000006 0.046875 0.15166666666666664
15 0.07546875 0.29 0.0478125 0.16333333333333327
15 0.24281249999999996 0.2666666666666667 0.04875 0.16333333333333339
15 0.2859375 0.26416666666666666 0.04125 0.15833333333333335
15 0.275625 0.22833333333333336 0.03562499999999996 0.17333333333333337
15 0.22499999999999998 0.1925 0.039375 0.16500000000000004
15 0.24375 0.205 0.03562499999999996 0.15999999999999998
15 0.18609375 0.09416666666666668 0.0478125 0.15833333333333335
19 0.02296875 0.20833333333333331 0.0440625 0.10666666666666665
18 0.2625 0.15166666666666667 0.04312500000000004 0.19666666666666666
21 0.37265625 0.04166666666666667 0.02531249999999993 0.04666666666666667
1 0.66328125 0.22166666666666668 0.05906250000000007 0.08666666666666664
