15 0.24375 0.5616666666666666 0.046874999999999965 0.1533333333333333
15 0.1959375 0.52 0.04125 0.1666666666666667
15 0.18890625 0.4641666666666666 0.04218750000000004 0.15166666666666673
15 0.3478125 0.4708333333333334 0.04874999999999993 0.16833333333333342
15 0.36937499999999995 0.4008333333333334 0.04125 0.14166666666666672
15 0.40171875 0.4725 0.03843750000000007 0.1616666666666667
15 0.41296875 0.4641666666666666 0.0571875 0.145
19 0.16921875 0.5583333333333333 0.07968750000000002 0.09333333333333328
18 0.12140625 0.4408333333333333 0.04218749999999998 0.19833333333333336
21 0.2653125 0.2783333333333334 0.02625 0.04
1 0.55875 0.4508333333333333 0.06374999999999993 0.08166666666666664
