15 0.18046875 0.44583333333333336 0.0365625 0.14166666666666672
15 0.22640624999999998 0.5708333333333333 0.0365625 0.15166666666666656
15 0.33140625 0.48333333333333334 0.0590625 0.15
15 0.350625 0.4175 0.046875 0.15166666666666673
15 0.3871875 0.485 0.04125000000000007 0.15999999999999992
15 0.4125 0.4966666666666667 0.04312499999999993 0.17666666666666664
15 0.17015625 0.5308333333333333 0.0590625 0.14833333333333334
19 0.16734375 0.545 0.07406249999999996 0.12
18 0.129375 0.4375 0.043125 0.20166666666666672
21 0.264375 0.2808333333333334 0.028125 0.055
1 0.55828125 0.46 0.0590625 0.09
