15 0.16480592654424042 0.2395659432387312 0.046014190317195336 0.17195325542570952
15 0.2094115191986645 0.2671118530884808 0.039440734557596 0.15692821368948245
15 0.24838272120200341 0.11769616026711184 0.034745409015025076 0.17863105175292152
19 0.3117696160267112 0.11435726210350584 0.07888146911519194 0.07846410684474123
15 0.33947203672787984 0.20534223706176963 0.038501669449081816 0.15358931552587643
15 0.38548622704507524 0.23706176961602674 0.04413606010016693 0.1702838063439065
15 0.4202316360601002 0.0709515859766277 0.04037979966611019 0.1419031719532554
15 0.3803213689482472 0.025876460767946582 0.03756260434056763 0.051752921535893164
15 0.6366861435726211 0.19949916527545908 0.03756260434056763 0.16861435726210344
15 0.6681448247078465 0.21953255425709514 0.038501669449081816 0.17195325542570952
18 0.6587541736227047 0.16694490818030056 0.047892320534223674 0.21035058430717868
21 0.6979687499999998 0.2025 0.0234375 0.04833333333333332
1 0.9740624999999998 0.3825 0.031875 0.10833333333333335
