15 0.260625 0.5925 0.046875 0.175
15 0.3478125 0.5416666666666666 0.04312499999999993 0.1533333333333333
15 0.34828125 0.5183333333333333 0.042187499999999926 0.14000000000000007
15 0.3234375 0.4983333333333333 0.04125 0.16666666666666663
15 0.1125 0.6483333333333333 0.03937499999999998 0.1666666666666668
15 0.0721875 0.6275 0.03937500000000001 0.15166666666666678
15 0.0675 0.59 0.058125 0.13666666666666663
19 0.03328125 0.7686111068725586 0.0665625 0.0938888804117839
21 0.15234375 0.3825 0.02906250000000002 0.048333333333333284
1 0.44296875 0.5616666666666666 0.06656249999999993 0.10666666666666672
