15 0.26015625 0.5508333333333334 0.03468749999999996 0.1583333333333333
15 0.2053125 0.515 0.05812499999999996 0.14333333333333328
15 0.19453125 0.4675 0.0365625 0.12833333333333335
15 0.3539062499999999 0.4691666666666666 0.0628125 0.145
15 0.418125 0.46333333333333326 0.04125 0.14666666666666664
15 0.38578125 0.4016666666666667 0.044062500000000074 0.15333333333333335
15 0.4228125 0.4825 0.05625 0.10833333333333335
19 0.16499999999999995 0.555 0.07312499999999998 0.09666666666666664
18 0.10546875 0.445 0.04781249999999998 0.20000000000000007
21 0.26531249999999995 0.2758333333333334 0.03375 0.065
1 0.556875 0.46 0.058125 0.09666666666666657
