15 0.1321875 0.6266666666666667 0.0375 0.15666666666666665
15 0.0665625 0.575 0.06 0.14
15 0.1415625 0.3991666666666667 0.0375 0.14500000000000007
15 0.238125 0.4275 0.039375000000000035 0.165
15 0.2653125 0.5058333333333334 0.046875000000000035 0.165
15 0.3346875 0.5566666666666668 0.03749999999999993 0.17
15 0.3 0.5516666666666666 0.04125 0.1533333333333333
18 0.20578125 0.4516666666666667 0.047812500000000036 0.20666666666666672
21 0.26390625 0.275 0.0346875 0.05333333333333336
19 0.1265625 0.47 0.06374999999999999 0.09666666666666657
1 0.55546875 0.455 0.06656250000000007 0.09333333333333335
