15 0.729375 0.5266666666666667 0.05062500000000014 0.16666666666666663
15 0.96796875 0.8383333333333334 0.04593749999999986 0.17333333333333328
15 0.4898437499999999 0.7816666666666667 0.0478125 0.14666666666666658
15 0.28546875 0.5466666666666667 0.0384375 0.15666666666666665
15 0.5990625 0.36166666666666664 0.03937499999999993 0.15999999999999998
15 0.395625 0.2275 0.054375 0.165
15 0.57234375 0.3875 0.0553125 0.11166666666666672
15 0.18609375 0.5133333333333333 0.05156249999999996 0.1666666666666667
15 0.11999999999999998 0.33333333333333326 0.065625 0.16333333333333336
19 0.6234375 0.6525 0.075 0.10833333333333335
