19 0.22537562604340572 0.5308848080133557 0.07136894824707848 0.09682804674457429
15 0.40708472454090155 0.3597662771285475 0.03662353923205344 0.1819699499165275
15 0.43290901502504187 0.3747913188647746 0.03568447412353926 0.1752921535893155
15 0.4610809682804675 0.17445742904841402 0.039440734557596 0.16193656093489145
15 0.4906615191986646 0.21869782971619364 0.030989148580968334 0.10016694490818029
15 0.5545179465776295 0.3196994991652755 0.04413606010016693 0.1652754590984975
15 0.468593489148581 0.34974958263772954 0.039440734557596 0.17529215358931552
15 0.5174248747913189 0.35058430717863104 0.050709515859766296 0.1736227045075125
18 0.5742383138564274 0.29465776293823037 0.047892320534223744 0.1986644407345576
1 0.9737335834896811 0.37690223056076716 0.030018761726078792 0.08338544923910782
21 0.69984375 0.2 0.0290625 0.05
