15 0.7171875 0.5225 0.05999999999999986 0.145
15 0.96375 0.8591666666666665 0.048749999999999856 0.1483333333333333
15 0.7115625 0.8183333333333332 0.015000000000000142 0.09333333333333343
15 0.48796875 0.7716666666666667 0.04031249999999993 0.16333333333333344
15 0.30609375 0.53 0.040312500000000036 0.15666666666666665
15 0.195 0.515 0.06375000000000001 0.14666666666666672
15 0.14624999999999996 0.3375 0.05062499999999998 0.1783333333333334
15 0.41296875 0.24583333333333332 0.0496875 0.15833333333333335
15 0.57328125 0.3683333333333333 0.05156249999999993 0.16666666666666669
15 0.58734375 0.36 0.0440625 0.16333333333333333
19 0.66 0.6825 0.0675 0.095
