15 0.24650459098497499 0.2871452420701168 0.053526711185308856 0.1469115191986644
15 0.29533597662771294 0.3046744574290484 0.03850166944908178 0.15525876460767946
15 0.2784328046744575 0.1352253756260434 0.040379799666110223 0.1502504173622704
15 0.40708472454090155 0.1310517529215359 0.0328672787979967 0.1652754590984975
15 0.44183013355592665 0.07262103505843073 0.0460141903171953 0.14524207011686147
15 0.3958159432387313 0.055926544240400666 0.03474540901502501 0.11185308848080133
15 0.5643781302170285 0.2621035058430718 0.04319699499165274 0.1602671118530885
15 0.4422996661101837 0.3138564273789649 0.039440734557596 0.16360601001669448
15 0.3784432387312188 0.2838063439065108 0.03380634390651089 0.15358931552587646
15 0.6150876460767948 0.2378964941569282 0.06197829716193645 0.1485809682804674
18 0.6409119365609349 0.20116861435726208 0.04977045075125204 0.18864774624373953
19 0.2915797161936562 0.1944908180300501 0.04413606010016696 0.061769616026711195
21 0.69703125 0.19916666666666663 0.0290625 0.04833333333333332
1 0.9740625 0.37833333333333335 0.03 0.09666666666666672
