15 0.264375 0.55 0.037499999999999964 0.15
15 0.35859375 0.4658333333333334 0.0496875 0.15833333333333344
15 0.21093749999999997 0.515 0.06 0.14666666666666672
15 0.1940625 0.47666666666666674 0.03374999999999997 0.14333333333333337
15 0.4115625 0.46583333333333327 0.039375 0.19166666666666665
15 0.3975 0.4033333333333334 0.039375 0.17
19 0.16546874999999997 0.5541666666666667 0.07218749999999999 0.09833333333333336
18 0.10359374999999998 0.4375 0.055312499999999994 0.205
21 0.26625 0.2758333333333334 0.031874999999999966 0.045
15 0.42703125 0.48583333333333334 0.0590625 0.105
1 0.5564062499999999 0.45833333333333326 0.0684375 0.09999999999999992
