15 0.73171875 0.5358333333333333 0.06093749999999986 0.145
15 0.9698437499999999 0.8316666666666666 0.0403125 0.15999999999999986
15 0.49171875 0.78 0.04031250000000007 0.14333333333333328
15 0.286875 0.5458333333333333 0.04312499999999996 0.165
15 0.20203125 0.5233333333333333 0.06093750000000003 0.1566666666666667
15 0.39703125 0.2225 0.0459375 0.165
15 0.12 0.3366666666666667 0.052499999999999984 0.16
15 0.6065625 0.35833333333333334 0.03562499999999993 0.15666666666666662
15 0.59109375 0.35916666666666663 0.0590625 0.17499999999999996
19 0.6018749999999999 0.6533333333333334 0.09187499999999986 0.11666666666666671
