19 0.2526085141903172 0.3973288814691152 0.09202838063439071 0.10016694490818026
15 0.3244469949916528 0.3230383973288815 0.05352671118530882 0.15191986644407343
15 0.36999165275459106 0.34808013355592654 0.041318864774624375 0.16527545909849753
15 0.31834307178631055 0.1268781302170284 0.04319699499165282 0.1636060100166945
15 0.40943238731218706 0.07929883138564274 0.03380634390651082 0.15859766277128548
15 0.448403589315526 0.11769616026711185 0.032867278797996634 0.1619365609348915
15 0.47798414023372304 0.17529215358931552 0.039440734557596 0.15692821368948245
15 0.43901293823038406 0.32637729549248745 0.04225792988313856 0.15859766277128542
15 0.4545075125208682 0.38731218697829717 0.06385642737896496 0.11686143572621034
15 0.5258764607679466 0.3055091819699499 0.04883138564273793 0.1803005008347245
15 0.5873852253756262 0.28130217028380633 0.06479549248747908 0.15191986644407346
18 0.6146181135225377 0.24373956594323876 0.03474540901502501 0.1969949916527546
21 0.6979687499999998 0.20083333333333336 0.0234375 0.04166666666666668
1 0.973125 0.3833333333333333 0.0375 0.11000000000000007
