19 0.2469741235392321 0.4515859766277128 0.09578464106844742 0.1085141903171953
15 0.354966611018364 0.333889816360601 0.05258764607679467 0.17028380634390647
15 0.39440734557596 0.3597662771285476 0.03756260434056763 0.1652754590984975
15 0.3061352253756261 0.12270450751252086 0.04883138564273793 0.17195325542570952
15 0.41412771285475797 0.08597662771285476 0.041318864774624375 0.17195325542570952
15 0.4549770450751253 0.14023372287145242 0.038501669449081816 0.15692821368948245
15 0.48267946577629395 0.1986644407345576 0.045075125208681184 0.16694490818030047
15 0.4422996661101837 0.333889816360601 0.039440734557596 0.15692821368948248
15 0.46906302170283815 0.35809682804674453 0.04413606010016693 0.17863105175292154
15 0.527754590984975 0.335559265442404 0.041318864774624445 0.16694490818030047
15 0.5756469115191988 0.2938230383973289 0.060100166944908225 0.16360601001669445
18 0.6038188647746245 0.26126878130217024 0.03568447412353926 0.20200333889816363
1 0.976078799249531 0.3819053575151136 0.02908067542213871 0.10339795705649366
21 0.6975 0.19833333333333336 0.02437499999999986 0.039999999999999966
