15 0.27 0.59 0.04312500000000004 0.17
15 0.350625 0.5383333333333333 0.03749999999999993 0.15333333333333335
15 0.35296875 0.5225 0.03843749999999993 0.15166666666666673
15 0.33046875 0.5033333333333334 0.0403125 0.17
15 0.1125 0.645 0.03937499999999998 0.15333333333333335
15 0.0590625 0.5808333333333333 0.050625 0.14166666666666658
15 0.06468749999999998 0.6233333333333333 0.03374999999999999 0.16333333333333336
19 0.03234375 0.7752777735392253 0.0646875 0.10388888041178376
21 0.15281249999999996 0.3816666666666667 0.02999999999999998 0.05666666666666664
1 0.444375 0.5616666666666666 0.06187500000000007 0.09333333333333328
