19 0.23054048414023376 0.51669449081803 0.07606427378964942 0.07846410684474123
15 0.290640651085142 0.11602671118530886 0.049770450751252075 0.17529215358931552
15 0.41271911519198673 0.08514190317195328 0.04225792988313856 0.17028380634390655
15 0.4568551752921537 0.15692821368948248 0.04413606010016693 0.15692821368948245
15 0.48690525876460783 0.20534223706176963 0.03662353923205344 0.14023372287145244
15 0.4671848914858098 0.33889816360601005 0.04225792988313856 0.1636060100166944
15 0.4798622704507513 0.33722871452420705 0.04695325542570956 0.19031719532554256
15 0.5221202003338898 0.342237061769616 0.03756260434056756 0.18697829716193648
15 0.5606218697829718 0.3055091819699499 0.05070951585976623 0.18363939899833057
18 0.5883242904841404 0.2796327212020034 0.05164858096828048 0.20534223706176963
15 0.37750417362270455 0.34474123539232054 0.048831385642737854 0.1752921535893155
15 0.39816360601001677 0.35141903171953254 0.0638564273789649 0.19866444073455752
1 0.976078799249531 0.3827392120075047 0.027204502814258902 0.09172399416301849
21 0.6984375 0.195 0.02625 0.04666666666666664
