15 0.061874999999999986 0.3416666666666666 0.05437499999999998 0.14666666666666667
15 0.17484375 0.3758333333333333 0.04406250000000002 0.15166666666666664
15 0.3459375 0.3 0.03375 0.16333333333333333
15 0.305625 0.29833333333333334 0.031875 0.16000000000000003
15 0.2175 0.125 0.03374999999999997 0.15666666666666665
15 0.2596875 0.14083333333333334 0.03750000000000003 0.16166666666666668
15 0.2709375 0.23916666666666664 0.0375 0.16166666666666668
15 0.3065625 0.24749999999999997 0.04125000000000004 0.16166666666666665
18 0.2915625 0.1675 0.03562499999999996 0.155
19 0.0928125 0.10166666666666666 0.07874999999999999 0.07999999999999999
21 0.37171875 0.0425 0.0290625 0.05500000000000001
1 0.6646875 0.22333333333333336 0.06375 0.10333333333333336
