15 0.17484374999999996 0.36583333333333334 0.045937499999999985 0.15500000000000003
15 0.0525 0.3416666666666666 0.061875 0.14666666666666667
15 0.2090625 0.12 0.04125000000000004 0.15
15 0.25828124999999996 0.14416666666666667 0.0328125 0.175
15 0.331875 0.29666666666666663 0.039375000000000035 0.16999999999999996
15 0.29484375 0.295 0.045937500000000034 0.14666666666666667
15 0.31125 0.2533333333333333 0.031875000000000035 0.13666666666666663
15 0.2690625 0.23583333333333337 0.043125 0.15833333333333333
18 0.29203124999999996 0.1575 0.0346875 0.1716666666666667
19 0.10546875 0.11083333333333333 0.06281250000000001 0.11833333333333332
21 0.37453125 0.04666666666666666 0.0234375 0.03666666666666667
1 0.6609375 0.22666666666666666 0.060000000000000074 0.10333333333333332
