15 0.25125 0.5875 0.061874999999999965 0.15166666666666656
15 0.3346875 0.5525 0.04500000000000003 0.155
15 0.33656249999999993 0.5216666666666667 0.044999999999999964 0.13333333333333336
15 0.305625 0.5066666666666667 0.039375000000000035 0.16333333333333336
15 0.13124999999999998 0.6491666666666667 0.04125 0.1583333333333335
15 0.07687499999999999 0.5941666666666666 0.05812499999999999 0.14499999999999993
15 0.08671875 0.6241666666666668 0.0571875 0.16166666666666665
19 0.0496875 0.7391666666666665 0.056249999999999994 0.12166666666666671
21 0.15421875 0.3816666666666667 0.0290625 0.04666666666666664
1 0.44390625 0.565 0.06656250000000007 0.1
