19 0.23570534223706183 0.4373956594323873 0.06385642737896496 0.11352253756260439
15 0.3488626878130219 0.32804674457429045 0.05164858096828041 0.1719532554257096
15 0.30895242070116863 0.1327212020033389 0.050709515859766296 0.1686143572621035
15 0.41365818030050094 0.08430717863105175 0.038501669449081816 0.1686143572621035
15 0.4535684474123541 0.13188647746243742 0.048831385642737854 0.1602671118530885
15 0.4831489983305511 0.19365609348914858 0.04601419031719537 0.1636060100166945
15 0.3915901502504175 0.35141903171953254 0.03380634390651082 0.1652754590984975
15 0.4512207846410685 0.3539232053422371 0.06291736227045071 0.10350584307178626
15 0.45873330550918207 0.3589315525876461 0.04413606010016693 0.1535893155258764
15 0.5150772120200335 0.32637729549248745 0.03098914858096826 0.1619365609348915
15 0.576585976627713 0.2854757929883139 0.04319699499165289 0.17362270450751255
18 0.606636060100167 0.2637729549248748 0.039440734557596 0.1969949916527546
21 0.6965625 0.2 0.03 0.04333333333333332
1 0.975 0.3758333333333333 0.028125000000000143 0.09500000000000007
