19 0.22443656093489153 0.5300500834724541 0.08639398998330552 0.09849749582637728
15 0.39816360601001677 0.35475792988313853 0.060100166944908155 0.18196994991652754
15 0.43713480801335564 0.36811352253756263 0.03098914858096826 0.15525876460767946
15 0.46436769616026724 0.18196994991652754 0.04225792988313863 0.15358931552587649
15 0.48784432387312193 0.23372287145242068 0.04225792988313863 0.10350584307178633
15 0.4770450751252088 0.35225375626043404 0.041318864774624445 0.1702838063439065
15 0.5160162771285477 0.34891485809682804 0.04601419031719537 0.16026711185308848
15 0.5540484140233723 0.31886477462437396 0.04883138564273793 0.18030050083472454
18 0.5747078464106846 0.2913188647746244 0.045075125208681184 0.1919866444073456
21 0.6979687499999998 0.19666666666666668 0.0290625 0.05
1 0.9721875 0.37583333333333335 0.031874999999999855 0.08166666666666672
