15 0.255 0.5916666666666667 0.06375 0.1533333333333333
15 0.33703125 0.55 0.045937500000000034 0.15
15 0.34078125 0.5283333333333333 0.0384375 0.14666666666666672
15 0.31125 0.5 0.039375 0.17
15 0.12515624999999997 0.6483333333333334 0.0328125 0.15000000000000008
15 0.0871875 0.6183333333333334 0.06749999999999998 0.15000000000000008
15 0.0778125 0.5916666666666667 0.06375 0.13666666666666671
19 0.035625 0.7583333333333334 0.07125 0.10666666666666672
21 0.1528125 0.38333333333333336 0.02625 0.05
1 0.444375 0.5608333333333334 0.06374999999999993 0.09833333333333329
