19 0.24180926544240403 0.4599332220367279 0.07042988313856427 0.10517529215358927
15 0.3075438230383974 0.12437395659432388 0.03850166944908185 0.17863105175292154
15 0.4122495826377296 0.08096828046744572 0.04319699499165282 0.16193656093489145
15 0.4540379799666111 0.14607679465776294 0.0328672787979967 0.1619365609348915
15 0.48127086811352265 0.19282136894824708 0.038501669449081816 0.13856427378964942
15 0.35731427378964953 0.337228714524207 0.059161101836394 0.15025041736227043
15 0.39863313856427385 0.35642737896494153 0.04225792988313863 0.15191986644407346
15 0.4455863939899834 0.3363939899833055 0.038501669449081816 0.15525876460767943
15 0.4737583472454091 0.36143572621035064 0.04413606010016693 0.1585976627712855
15 0.532449916527546 0.340567612687813 0.039440734557596 0.16360601001669448
15 0.5756469115191988 0.3038397328881469 0.05822203672787985 0.15025041736227046
18 0.5995930717863106 0.26460767946577624 0.04225792988313856 0.19198664440734559
1 0.975140712945591 0.37856993954554935 0.027204502814258832 0.0933917031478007
21 0.6984375 0.19833333333333336 0.022499999999999857 0.046666666666666676
