15 0.1725 0.34666666666666673 0.06750000000000002 0.15000000000000002
15 0.24609374999999997 0.5116666666666667 0.0571875 0.15333333333333335
15 0.35109375 0.5041666666666667 0.0346875 0.15166666666666656
15 0.489375 0.7233333333333333 0.039375 0.17
15 0.68578125 0.505 0.05156250000000014 0.17333333333333328
15 0.70453125 0.8016666666666665 0.0290625 0.12333333333333328
15 0.9464062499999999 0.87 0.0290625 0.15
15 0.4373437499999999 0.2916666666666667 0.0571875 0.16333333333333336
15 0.54984375 0.39833333333333326 0.06093750000000007 0.14000000000000007
19 0.6384375 0.7258333333333333 0.07500000000000007 0.09833333333333343
