15 0.08296875 0.3383333333333334 0.0496875 0.16
15 0.17671875 0.395 0.0328125 0.15333333333333335
15 0.36140624999999993 0.3133333333333333 0.0365625 0.16333333333333336
15 0.32203125 0.31166666666666665 0.0440625 0.1533333333333333
15 0.315 0.26166666666666666 0.06000000000000003 0.14666666666666667
15 0.25406249999999997 0.21833333333333335 0.0375 0.16
15 0.22453125 0.1375 0.0309375 0.15166666666666667
15 0.2671875 0.14666666666666667 0.046874999999999965 0.15
19 0.12374999999999999 0.07583333333333334 0.07499999999999997 0.095
18 0.30140625 0.17916666666666667 0.03468750000000004 0.1716666666666667
21 0.37265625 0.04333333333333334 0.02906249999999993 0.05333333333333334
1 0.66515625 0.22333333333333336 0.06843750000000007 0.09666666666666668
