15 0.21222871452420705 0.27045075125208684 0.06010016694490819 0.14023372287145247
15 0.25871243739565947 0.2938230383973289 0.0309891485809683 0.16694490818030056
15 0.27279841402337235 0.13689482470784642 0.03286727879799667 0.17028380634390655
19 0.31975166944908184 0.1310517529215359 0.07606427378964944 0.09849749582637728
15 0.3723393155258765 0.10934891485809682 0.038501669449081816 0.14858096828046743
15 0.4202316360601003 0.0659432387312187 0.05164858096828048 0.1318864774624374
15 0.38454716193656097 0.04257095158597664 0.02723288814691152 0.08514190317195328
15 0.5878547579298832 0.2287145242070117 0.041318864774624445 0.16026711185308848
15 0.41412771285475797 0.2888146911519199 0.03756260434056763 0.1669449081803005
15 0.35402754590984986 0.24791318864774625 0.039440734557596 0.1485809682804674
15 0.6432595993322205 0.22954924874791316 0.06197829716193667 0.15525876460767946
18 0.6517111853088483 0.17779632721202002 0.048831385642737785 0.2053422370617696
21 0.6979687499999998 0.20083333333333336 0.0290625 0.054999999999999966
1 0.97453125 0.38416666666666666 0.030937499999999857 0.11166666666666672
