19 0.2249060934891486 0.5300500834724541 0.07794240400667782 0.09849749582637735
15 0.30472662771285486 0.1285475792988314 0.06479549248747915 0.15025041736227046
15 0.39816360601001677 0.1051752921535893 0.05446577629382304 0.1469115191986644
15 0.45826377295492493 0.17362270450751255 0.045075125208681115 0.1636060100166945
15 0.48737479131886485 0.2287145242070117 0.04319699499165282 0.1335559265442404
15 0.5568656093489149 0.32554257095158595 0.06573455759599334 0.1502504173622705
15 0.3962854757929884 0.35475792988313853 0.05634390651085141 0.1452420701168614
15 0.42070116861435736 0.3731218697829716 0.03756260434056763 0.1652754590984975
15 0.46202003338898173 0.3580968280467446 0.05258764607679467 0.1652754590984975
15 0.5150772120200335 0.3464106844741235 0.047892320534223744 0.16861435726210353
18 0.5794031719532555 0.2838063439065108 0.0413188647746243 0.19031719532554256
1 0.9732645403377111 0.38023764853033143 0.030956848030018733 0.09672712111736495
21 0.699375 0.2 0.028125 0.04333333333333332
