10 0.22161936560934897 0.48414023372287146 0.06385642737896496 0.12020033388981638
15 0.3671744574290486 0.3472454090150251 0.05070951585976623 0.1636060100166945
15 0.30284849749582643 0.13188647746243742 0.040379799666110154 0.18030050083472457
15 0.41271911519198673 0.08263772954924875 0.038501669449081816 0.1652754590984975
15 0.4540379799666111 0.15692821368948248 0.03662353923205344 0.1669449081803005
15 0.48220993322203676 0.20283806343906513 0.04413606010016693 0.1652754590984975
15 0.4052065943238732 0.3639398998330551 0.047892320534223744 0.17028380634390647
15 0.46014190317195336 0.34140233722871455 0.05634390651085141 0.1686143572621035
15 0.4535684474123541 0.34307178631051755 0.039440734557596 0.17529215358931555
15 0.5333889816360602 0.35058430717863104 0.0413188647746243 0.1569282136894824
15 0.5695429883138565 0.2996661101836394 0.0554048414023373 0.15525876460767946
18 0.596775876460768 0.27545909849749584 0.0460141903171953 0.2070116861435726
1 0.975140712945591 0.3877423389618512 0.027204502814258832 0.09839483010214721
21 0.6975 0.195 0.02437499999999986 0.05333333333333336
