19 0.2263146911519199 0.5342237061769616 0.08451585976627712 0.11018363939899835
15 0.29956176961602676 0.12353923205342238 0.0619782971619366 0.15692821368948245
15 0.4052065943238732 0.1035058430717863 0.07042988313856427 0.15692821368948245
15 0.4596723706176962 0.16277128547579298 0.044136060100167 0.15525876460767946
15 0.48737479131886485 0.21368948247078465 0.041318864774624375 0.10350584307178633
15 0.5629695325542572 0.31969949916527546 0.07042988313856434 0.15191986644407343
15 0.3915901502504174 0.3522537562604341 0.06573455759599334 0.1435726210350585
15 0.41600584307178634 0.3772954924874792 0.04319699499165274 0.15692821368948245
15 0.4629590984974959 0.34390651085141904 0.039440734557596 0.16694490818030047
15 0.47798414023372304 0.35642737896494153 0.03756260434056763 0.1752921535893156
15 0.5188334724540903 0.34140233722871455 0.047892320534223674 0.16527545909849753
18 0.581750834724541 0.27629382303839733 0.047892320534223674 0.19866444073455758
1 0.9737335834896811 0.38273921200750466 0.030018761726078792 0.0950594121325829
21 0.6965624999999999 0.2025 0.02625 0.045
