19 0.26059056761268784 0.35809682804674453 0.0685517529215359 0.1018363939899833
15 0.31834307178631055 0.31552587646076796 0.05822203672787978 0.1669449081803005
15 0.36013146911519206 0.342237061769616 0.0460141903171953 0.16026711185308848
15 0.31834307178631055 0.13188647746243742 0.03944073455759593 0.18030050083472457
15 0.40661519198664453 0.07262103505843072 0.03568447412353926 0.14524207011686144
15 0.448403589315526 0.11185308848080133 0.038501669449081746 0.16694490818030047
15 0.46577629382303853 0.17362270450751255 0.041318864774624375 0.15692821368948248
15 0.42962228714524214 0.3130217028380634 0.05164858096828055 0.1619365609348915
15 0.4413606010016696 0.342237061769616 0.039440734557596 0.20701168614357265
15 0.5272850584307179 0.30968280467445747 0.0460141903171953 0.1652754590984975
15 0.5906719532554259 0.27378964941569284 0.04883138564273793 0.16694490818030056
18 0.611331385642738 0.2320534223706177 0.03944073455759591 0.19365609348914867
21 0.69703125 0.1991666666666667 0.0290625 0.045
1 0.97125 0.37916666666666665 0.035625 0.11166666666666672
