19 0.2286623539232054 0.5250417362270451 0.06855175292153592 0.09849749582637735
15 0.28970158597662776 0.11519198664440734 0.05352671118530882 0.1669449081803005
15 0.4099019198664442 0.08764607679465776 0.034745409015025076 0.17529215358931552
15 0.4596723706176962 0.14941569282136896 0.04977045075125211 0.15525876460767946
15 0.4897224540901503 0.21118530884808012 0.04037979966611026 0.1252086811352254
15 0.5639085976627713 0.3121869782971619 0.051648580968280414 0.17362270450751255
15 0.389712020033389 0.33889816360601005 0.04695325542570949 0.17028380634390658
15 0.4164753756260435 0.3914858096828047 0.0554048414023373 0.1252086811352254
15 0.4765755425709517 0.34891485809682804 0.04037979966611026 0.16026711185308848
15 0.5150772120200334 0.3714524207011686 0.051648580968280414 0.12186978297161939
18 0.5869156928213691 0.28046744574290483 0.04319699499165274 0.2036727879799666
1 0.975140712945591 0.3777360850531582 0.02720450281425897 0.08838857619345425
21 0.6984375 0.2 0.033749999999999857 0.05
