15 0.15541527545909853 0.2395659432387312 0.04789232053422371 0.15859766277128545
15 0.19908180300500838 0.25959933222036724 0.04883138564273793 0.15191986644407346
15 0.24509599332220372 0.11519198664440734 0.039440734557596 0.17696160267111855
15 0.3394720367278799 0.19532554257095158 0.03474540901502501 0.16026711185308848
15 0.3812604340567613 0.2378964941569282 0.03756260434056763 0.1652754590984975
15 0.4174144407345577 0.0692821368948247 0.04225792988313856 0.1385642737896494
15 0.379382303839733 0.022537562604340568 0.03192821368948245 0.045075125208681135
15 0.6348080133555928 0.19532554257095158 0.03192821368948245 0.1669449081803005
15 0.6672057595993323 0.22537562604340564 0.04225792988313856 0.16360601001669445
19 0.30942195325542576 0.11602671118530886 0.07230801335559267 0.08514190317195325
18 0.655467445742905 0.16694490818030047 0.04319699499165274 0.20033388981636058
21 0.6984375 0.1975 0.03000000000000014 0.055
1 0.97453125 0.3758333333333333 0.030937499999999857 0.10500000000000007
